2.110029889251832103e+00
5.630625979772176493e+00
1.073069880895433492e+01
1.879071177627022493e+01
2.791261171900608318e+01
2.239517610893683841e+00
5.606582771937891785e+00
1.068985270926167885e+01
1.844542764817934710e+01
2.755368856786730092e+01
2.401001454199003238e+00
5.469098511994843648e+00
1.043487644827303029e+01
1.623540239769730675e+01
2.510039522908167342e+01
2.672224296460713244e+00
6.394333311606143155e+00
1.212687334629541880e+01
1.921998496478185459e+01
2.779577415150404107e+01
2.156046977925682562e+00
4.816066596539562816e+00
8.855470060784753628e+00
1.472306200520095132e+01
2.131330743086362034e+01
2.569266997646617146e+00
5.590916647357785152e+00
1.357798286632192308e+01
2.121916805846992915e+01
2.991728209832582408e+01
2.495674572617421205e+00
5.989978508530908741e+00
1.055553855715770872e+01
1.712881444246663776e+01
2.682028096180865973e+01
2.250299996694947069e+00
5.714863546768063962e+00
1.080445095664237343e+01
1.829078164030639542e+01
2.712881304025946250e+01
1.835506596565703807e+00
4.351299596361288380e+00
8.208523026548702362e+00
1.354571718354689480e+01
2.076881586970594284e+01
2.415665021503192289e+00
5.101190492895583795e+00
1.267303166963182548e+01
1.940503057069715354e+01
2.817099638767577119e+01
1.980867371279763312e+00
5.428808419027777887e+00
1.001085603972108018e+01
1.741068766303335735e+01
2.644913367417921179e+01
2.251944409521698720e+00
5.999816277193126268e+00
1.137211288489755745e+01
1.951383719844056586e+01
3.001335541435069487e+01
1.520616465568882969e+00
3.830734681344976078e+00
7.161655614552545401e+00
1.246859155545041631e+01
1.926041513544626227e+01
2.388603967548829310e+00
5.223525460013251021e+00
8.737857290536608090e+00
1.624682241696028839e+01
2.463286924471028172e+01
2.620610904645446659e+00
6.437231857501310550e+00
1.097140221210944055e+01
1.734245916492740491e+01
2.609685989895742964e+01
2.373287510978411508e+00
6.271717791757019711e+00
1.160282713100840724e+01
1.850751977779104962e+01
2.686290230254937939e+01
2.389934656162638227e+00
5.153392090588517327e+00
9.766324530345176669e+00
1.555087087305795635e+01
2.233536849850861472e+01
2.199094282051566207e+00
5.668481638274292855e+00
1.123238318175029171e+01
1.815473459657140509e+01
2.739364642825585960e+01
2.666262212068627235e+00
5.950045439479554332e+00
1.080692807934916111e+01
1.804415264428928012e+01
2.777502077219731191e+01
2.115756709598048069e+00
4.575966499899416284e+00
8.214566631557078225e+00
1.436418007611737835e+01
2.238832907557252128e+01
2.026677967665295732e+00
4.870565050849975819e+00
8.727022511845401453e+00
1.369895017217007194e+01
1.923292464825309622e+01
3.330363430240232070e+00
7.831944592410923889e+00
1.428812067056609969e+01
2.225556157162319693e+01
3.248156986092715215e+01
