6.118991935275269967e+00
8.414082140465380277e+00
8.222593916951028703e+00
1.066789601961734846e+01
1.150941973472370528e+01
1.231200035000336612e+01
7.494430853937121384e+00
9.110142297406127909e+00
9.250062298767550928e+00
8.890851408881534468e+00
2.968540918838100229e+00
9.544629970348001535e+00
5.659006144192542997e+00
4.436252749289595343e+00
5.190474328270164861e+00
6.667712478142771459e+00
7.673846831204341967e+00
3.481856134179590168e+00
5.705115902170509123e+00
5.570168480555220292e+00
6.806348840748826845e+00
6.280386376644044866e+00
7.149906018237778049e+00
1.372580809166768923e+01
8.222401581894603240e+00
3.851469489523387413e+00
4.604305587901795782e+00
2.486840504199553603e+00
2.024378051054683603e+00
3.968003168502814315e+00
2.736899518673457266e+01
1.888833551701423374e+01
1.629372468653230044e+01
1.713241557182856667e+01
2.158657625824378812e+01
1.736907116857440769e+01
1.915397056453031510e+01
1.982456201421252473e+01
1.272441308675287353e+01
2.047345199443209651e+01
2.006952147818178389e+01
3.090961892746337014e+01
2.993061988054763134e+01
2.824242501988014808e+01
2.756221331852626477e+01
2.747923635828610500e+01
2.783225300463733021e+01
2.177506366743724797e+01
2.775003969191821440e+01
2.204108768088640957e+01
5.204754775637433717e+00
5.199533484908569037e+00
7.514930525199597255e+00
2.231675754117655508e+00
5.417388640311848746e+00
2.121011738809345903e+00
3.227337404846013058e+00
2.878228205369435688e+00
2.096423087745486136e+00
1.457254047809879660e+00
2.842145369655157339e+01
4.207345790864940227e+01
3.704706866539785892e+01
3.837793646558797178e+01
3.744234971664596401e+01
3.656204236218611214e+01
4.297985797720006929e+01
3.527814704487445141e+01
3.731322156102135068e+01
3.777445018513989083e+01
4.313309887312289703e+01
3.193095676796786631e+00
1.629690622494275765e+00
7.555897654581191780e-01
1.049936299378762872e+00
