2.820721301083219945e-01
3.247532372537100254e-01
4.311802221362209808e-01
3.998696207936169866e-01
5.681522281484480130e-01
4.473909050088800132e-01
3.603840149513550251e-01
3.404950983553819976e-01
3.740208214379669993e-01
3.497653042041030114e-01
1.867726963283420083e-01
3.594712862474189752e-01
2.275630998131679961e-01
2.048846716214209884e-01
2.101458883972019964e-01
2.319579914763129913e-01
2.833961729283360209e-01
2.081599402740899885e-01
2.178162008835549945e-01
2.694960184384599944e-01
2.676783332966309881e-01
2.902737977060190211e-01
3.697629328631870105e-01
5.757843262662849515e-01
4.895514609425860031e-01
2.115024183455080087e-01
2.081416671390539930e-01
1.021228301255620030e-01
8.698971257788959410e-02
2.083368280585559951e-01
9.839621105625050435e-01
7.429294556614830514e-01
6.944569391860130336e-01
6.691017031214180344e-01
7.340681442226340003e-01
6.223750219721460031e-01
7.031339774935040365e-01
7.041060244310830551e-01
5.012116184174929545e-01
7.540668612910860213e-01
1.378276830508869955e+00
1.148074455957780016e+00
1.126627411610930052e+00
1.080215418508819969e+00
1.116664954823070044e+00
1.040870779232530019e+00
1.008637382523329906e+00
8.414101164251389653e-01
1.088557883282849970e+00
8.238264806492630044e-01
1.969295366179510121e-01
1.500320797759490121e-01
2.474444560659569969e-01
1.179831081885610033e-01
2.005715396399629924e-01
1.014149956219889959e-01
1.505282615386550060e-01
1.245018175869820054e-01
8.521870626825710227e-02
6.277248648060260172e-02
1.068316767819539992e+00
1.493391646892080038e+00
1.358889781002700081e+00
1.964091360622610027e+00
1.430293632268339943e+00
1.322857645752510081e+00
1.516561603805459901e+00
1.295655462640820099e+00
1.376829086779099987e+00
1.367257029864070050e+00
1.547832170975510069e+00
1.241138778043899965e-01
8.962428128948650430e-02
2.961811523452599973e-02
4.879442742467830080e-02
