1.792239671533019940e-01
4.104630913379849755e-01
7.564481424129390064e-01
1.182616022213289986e+00
1.577025772929079972e+00
1.355634156674830060e-01
2.971080050693120089e-01
4.802513868710179823e-01
6.870743555989290430e-01
8.650947524452929915e-01
1.291113828339759961e-01
2.611790554082250027e-01
4.424775197655360093e-01
6.249063002986090520e-01
9.426385430808950083e-01
1.584000729647820072e-01
3.241737091486849853e-01
5.397697153511630264e-01
8.027563572883079646e-01
1.177419807778840033e+00
1.349057036233929918e-01
2.717934245573069840e-01
4.501725400374950170e-01
6.650016107101209828e-01
9.084267172665959622e-01
1.668472288959340077e-01
3.666134633387619912e-01
6.534205218146139638e-01
1.032522829338770043e+00
1.394056432330319950e+00
1.264910971527959949e-01
2.852859028166759847e-01
4.297377363283719776e-01
6.588204349509719782e-01
1.094258438232819985e+00
1.136594047187940021e-01
2.829073021179520087e-01
4.948245925346799745e-01
7.285151106140019817e-01
9.430962086593019933e-01
1.158676697401439942e-01
2.291517701566319898e-01
3.375886667326700175e-01
4.912595289147509980e-01
7.225199637003889563e-01
1.261497075581589911e-01
3.403567762415740106e-01
4.962753871664640215e-01
7.548144503792290072e-01
1.276494802572399889e+00
1.444565659976730088e-01
3.074536311052920023e-01
4.333020351953960070e-01
7.107793725295740161e-01
1.073666533488669916e+00
1.208017129124879935e-01
2.854912077906480161e-01
5.507751251080610366e-01
7.808284894056030101e-01
1.237415906551220024e+00
1.370007256446960087e-01
2.999305156485300161e-01
4.922961140193479745e-01
8.649391911546959744e-01
1.166648358979279987e+00
1.710534610511459941e-01
3.358921980365139892e-01
5.381452829164310447e-01
7.105784312644589651e-01
1.041898242885199943e+00
1.433521269920499941e-01
3.061891215830240265e-01
4.844068332895359874e-01
7.243215826272679791e-01
1.084825809144120079e+00
1.112934656868810046e-01
2.840586337704100184e-01
4.794625208165759767e-01
6.982088252289440078e-01
1.023204883990890046e+00
1.644855556894080084e-01
2.884705564845719827e-01
4.579688617040270082e-01
6.850865380746440358e-01
8.907063399773770263e-01
1.288205025811219873e-01
2.844714581315849755e-01
5.036403220372880352e-01
7.452176684182609812e-01
1.101089297115189991e+00
1.547733268881459900e-01
2.812361761431240170e-01
4.816884909753380017e-01
6.513087154417349645e-01
9.267329740816040440e-01
1.340121707939949947e-01
2.614345865433350125e-01
4.020397392880170062e-01
6.017433329138810461e-01
8.749600191114950132e-01
1.089511288543919959e-01
2.432344688016289946e-01
3.850734424863659910e-01
5.514686944208879726e-01
7.527730380419499490e-01
1.814703066804899956e-01
3.804139527075570126e-01
6.191523189700289809e-01
9.145308500281750241e-01
1.280654577392899895e+00
